
---- 2025/05/15 11:46:44 ----
Kg=[	1.00001038e+00	-4.74643383e-05	-9.56563490e-05
	-1.45364037e-04	1.00002077e+00	-1.93857571e-04
	-2.42289576e-04	-2.91111663e-04	1.00002975e+00 ];
eb=[	-9.99262484e-02	-1.99967021e-01	-3.00120126e-01 ]'; %dph
Ka=[	1.00001005e+00	0.00000000e+00	0.00000000e+00
	-4.93443161e-05	1.00001918e+00	0.00000000e+00
	-9.81747389e-05	-1.45399519e-04	1.00003040e+00 ];
db=[	-9.95985424e+01	-2.00289536e+02	-2.98899371e+02 ]'; %ug
Ka2=[	-9.62366849e+00	-2.10543513e+01	-3.01637626e+01 ]'; %ugpg2
lvx=[	-7.26711342e-01	-1.93073275e+00	-3.02533463e+00 ]'; %cm
lvy=[	-3.77876543e+00	-5.18172688e+00	-6.15026882e+00 ]';
tGA=	-5.00011093e+00 ; %ms
Elasped time (ms): 3730.

---- 2025/05/15 11:46:58 ----
Kg=[	1.00001038e+00	-4.74643383e-05	-9.56563490e-05
	-1.45364037e-04	1.00002077e+00	-1.93857571e-04
	-2.42289576e-04	-2.91111663e-04	1.00002975e+00 ];
eb=[	-9.99262484e-02	-1.99967021e-01	-3.00120126e-01 ]'; %dph
Ka=[	1.00001005e+00	0.00000000e+00	0.00000000e+00
	-4.93443161e-05	1.00001918e+00	0.00000000e+00
	-9.81747389e-05	-1.45399519e-04	1.00003040e+00 ];
db=[	-9.95985424e+01	-2.00289536e+02	-2.98899371e+02 ]'; %ug
Ka2=[	-9.62366849e+00	-2.10543513e+01	-3.01637626e+01 ]'; %ugpg2
lvx=[	-7.26711342e-01	-1.93073275e+00	-3.02533463e+00 ]'; %cm
lvy=[	-3.77876543e+00	-5.18172688e+00	-6.15026882e+00 ]';
tGA=	-5.00011093e+00 ; %ms
Elasped time (ms): 5710347.
