
---- 2025/05/24 02:35:58 ----
Kg=[	1.00001911e+00	3.01555286e-04	-9.66498729e-06
	-6.06509375e-05	1.00002222e+00	8.08970557e-05
	5.10979531e-05	-1.42674485e-05	9.99902192e-01 ];
eb=[	9.51840788e-04	6.61617975e-03	2.06476500e-03 ]'; %dph
Ka=[	1.00029713e+00	0.00000000e+00	0.00000000e+00
	-3.10139097e-04	1.00019092e+00	0.00000000e+00
	6.54054741e-05	-3.35897487e-05	1.00018125e+00 ];
db=[	6.87693355e+02	-3.03760904e+02	5.03774720e+02 ]'; %ug
Ka2=[	5.27442785e+01	-3.05314682e+01	3.38701616e+01 ]'; %ugpg2
lvx=[	6.39371079e-01	-4.57391203e-01	8.09027015e-01 ]'; %cm
lvy=[	5.37570337e-01	-1.30364839e-01	-7.11671170e-01 ]';
tGA=	2.49678685e+00 ; %ms
Elasped time (ms): 15309.

---- 2025/05/24 02:45:21 ----
Kg=[	1.00001802e+00	2.09273395e-04	-1.23488335e-05
	-6.19342117e-05	1.00002018e+00	8.26197671e-05
	5.06732098e-05	-1.37358323e-05	9.99942702e-01 ];
eb=[	6.31694035e-04	5.99359373e-03	1.82031419e-03 ]'; %dph
Ka=[	1.00029665e+00	0.00000000e+00	0.00000000e+00
	-2.17921509e-04	1.00019141e+00	0.00000000e+00
	6.20254335e-05	-3.16157665e-05	1.00018129e+00 ];
db=[	6.90268934e+02	-3.05583910e+02	5.06198834e+02 ]'; %ug
Ka2=[	4.94392052e+01	-2.81425661e+01	3.14814081e+01 ]'; %ugpg2
lvx=[	4.87487949e-01	-2.96764250e-01	8.95680527e-01 ]'; %cm
lvy=[	5.61605550e-01	-1.24437811e-01	-8.17799398e-01 ]';
tGA=	2.49701432e+00 ; %ms
Elasped time (ms): 21702.

---- 2025/05/24 02:57:26 ----
Kg=[	1.00000587e+00	1.05350881e-05	-2.43888535e-05
	-6.31457988e-05	1.00001160e+00	1.01119717e-04
	5.10891915e-05	-1.17156495e-05	9.99917829e-01 ];
eb=[	1.81186027e-03	5.65640611e-03	-5.37559398e-03 ]'; %dph
Ka=[	1.00029387e+00	0.00000000e+00	0.00000000e+00
	-1.95565091e-05	1.00019440e+00	0.00000000e+00
	4.80985556e-05	-1.17145709e-05	1.00018117e+00 ];
db=[	7.02691183e+02	-3.24732362e+02	5.23686855e+02 ]'; %ug
Ka2=[	3.42583825e+01	-4.85192739e+00	1.49109380e+01 ]'; %ugpg2
lvx=[	1.18650105e-02	6.68726297e-01	1.04846099e-01 ]'; %cm
lvy=[	1.96252446e-01	4.04030828e-01	-7.43191119e-01 ]';
tGA=	2.53420274e+00 ; %ms
Elasped time (ms): 22251.

---- 2025/05/24 03:00:13 ----
Kg=[	1.00000408e+00	4.50469940e-05	-2.65964260e-05
	-6.30904613e-05	1.00001023e+00	1.04147316e-04
	5.09123684e-05	-1.17874381e-05	9.99897202e-01 ];
eb=[	1.95456851e-03	5.90249891e-03	-5.67902761e-03 ]'; %dph
Ka=[	1.00029382e+00	0.00000000e+00	0.00000000e+00
	-5.40711780e-05	1.00019421e+00	0.00000000e+00
	4.59793337e-05	-8.97867280e-06	1.00018088e+00 ];
db=[	7.04804285e+02	-3.27711353e+02	5.25753287e+02 ]'; %ug
Ka2=[	3.21189122e+01	-2.32804471e+00	1.25899866e+01 ]'; %ugpg2
lvx=[	1.57950651e-03	5.64047371e-01	1.32170947e-01 ]'; %cm
lvy=[	1.75785773e-01	3.53329644e-01	-5.74819726e-01 ]';
tGA=	2.53361094e+00 ; %ms
Elasped time (ms): 39439.

---- 2025/05/24 03:11:42 ----
Kg=[	1.00000408e+00	4.50469940e-05	-2.65964260e-05
	-6.30904613e-05	1.00001023e+00	1.04147316e-04
	5.09123684e-05	-1.17874381e-05	9.99897202e-01 ];
eb=[	1.95456851e-03	5.90249891e-03	-5.67902761e-03 ]'; %dph
Ka=[	1.00029382e+00	0.00000000e+00	0.00000000e+00
	-5.40711780e-05	1.00019421e+00	0.00000000e+00
	4.59793337e-05	-8.97867280e-06	1.00018088e+00 ];
db=[	7.04804285e+02	-3.27711353e+02	5.25753287e+02 ]'; %ug
Ka2=[	3.21189122e+01	-2.32804471e+00	1.25899866e+01 ]'; %ugpg2
lvx=[	1.57950651e-03	5.64047371e-01	1.32170947e-01 ]'; %cm
lvy=[	1.75785773e-01	3.53329644e-01	-5.74819726e-01 ]';
tGA=	2.53361094e+00 ; %ms
Elasped time (ms): 83472.

---- 2025/05/24 03:15:17 ----
Kg=[	1.00000408e+00	4.50469940e-05	-2.65964260e-05
	-6.30904613e-05	1.00001023e+00	1.04147316e-04
	5.09123684e-05	-1.17874381e-05	9.99897202e-01 ];
eb=[	1.95456851e-03	5.90249891e-03	-5.67902761e-03 ]'; %dph
Ka=[	1.00029382e+00	0.00000000e+00	0.00000000e+00
	-5.40711780e-05	1.00019421e+00	0.00000000e+00
	4.59793337e-05	-8.97867280e-06	1.00018088e+00 ];
db=[	7.04804285e+02	-3.27711353e+02	5.25753287e+02 ]'; %ug
Ka2=[	3.21189122e+01	-2.32804471e+00	1.25899866e+01 ]'; %ugpg2
lvx=[	1.57950651e-03	5.64047371e-01	1.32170947e-01 ]'; %cm
lvy=[	1.75785773e-01	3.53329644e-01	-5.74819726e-01 ]';
tGA=	2.53361094e+00 ; %ms
Elasped time (ms): 82297.

---- 2025/05/24 03:17:05 ----
Kg=[	1.00000616e+00	-5.22532335e-07	-2.40636769e-05
	-6.31627288e-05	1.00001180e+00	1.00623547e-04
	5.11517686e-05	-1.16944981e-05	9.99924593e-01 ];
eb=[	1.76972377e-03	5.58341371e-03	-5.26511739e-03 ]'; %dph
Ka=[	1.00029388e+00	0.00000000e+00	0.00000000e+00
	-8.49754305e-06	1.00019444e+00	0.00000000e+00
	4.83922529e-05	-1.21701713e-05	1.00018124e+00 ];
db=[	7.02401175e+02	-3.24230247e+02	5.23405302e+02 ]'; %ug
Ka2=[	3.45489347e+01	-5.24740890e+00	1.52540090e+01 ]'; %ugpg2
lvx=[	1.37111293e-02	6.90292600e-01	9.76512535e-02 ]'; %cm
lvy=[	2.00315541e-01	4.14478667e-01	-7.83169527e-01 ]';
tGA=	2.53434676e+00 ; %ms
Elasped time (ms): 62002.

---- 2025/05/24 10:32:35 ----
Kg=[	9.99961725e-01	1.01745059e-04	-8.76673642e-05
	-2.77325941e-05	9.99963173e-01	1.05740308e-04
	3.05125756e-05	-6.55214715e-06	9.99952221e-01 ];
eb=[	-8.70028576e-03	3.17941492e-03	-1.36217703e-02 ]'; %dph
Ka=[	1.00032871e+00	0.00000000e+00	0.00000000e+00
	-1.06389973e-04	1.00022657e+00	0.00000000e+00
	-1.91234901e-05	6.02792777e-05	1.00021185e+00 ];
db=[	9.64753739e+02	-4.44052240e+02	5.24385895e+02 ]'; %ug
Ka2=[	-4.99434367e+01	7.12330048e+01	-5.79039699e+01 ]'; %ugpg2
lvx=[	-8.58235401e-01	1.63832691e+00	3.85293349e-01 ]'; %cm
lvy=[	-1.57457111e+00	8.88093222e-01	1.00666782e+00 ]';
tGA=	2.52235778e+00 ; %ms
Elasped time (ms): 58173.

---- 2025/05/24 10:39:58 ----
Kg=[	9.99972100e-01	1.62955185e-04	-7.41447891e-05
	-2.77395133e-05	9.99972344e-01	9.02278665e-05
	3.05753376e-05	-6.73772910e-06	9.99916913e-01 ];
eb=[	-8.94412889e-03	3.28704977e-03	-1.30827714e-02 ]'; %dph
Ka=[	1.00032916e+00	0.00000000e+00	0.00000000e+00
	-1.67534391e-04	1.00022742e+00	0.00000000e+00
	-4.56626343e-06	4.35811812e-05	1.00021271e+00 ];
db=[	9.50623776e+02	-4.28171424e+02	5.10489889e+02 ]'; %ug
Ka2=[	-3.52756698e+01	5.48992473e+01	-4.32206822e+01 ]'; %ugpg2
lvx=[	-7.30961504e-01	1.24229510e+00	2.60039257e-01 ]'; %cm
lvy=[	-1.32694925e+00	6.89531661e-01	5.55759819e-01 ]';
tGA=	2.52405998e+00 ; %ms
Elasped time (ms): 70943.

---- 2025/05/24 10:44:57 ----
Kg=[	9.99996486e-01	1.47714898e-04	-3.48110354e-05
	-6.24676657e-05	1.00000362e+00	1.17709261e-04
	4.96863462e-05	-1.35471510e-05	9.99898399e-01 ];
eb=[	2.81316695e-03	4.27979305e-03	-3.09629689e-03 ]'; %dph
Ka=[	1.00029372e+00	0.00000000e+00	0.00000000e+00
	-1.57451365e-04	1.00019405e+00	0.00000000e+00
	3.48068238e-05	6.88877160e-07	1.00018032e+00 ];
db=[	7.14471305e+02	-3.39783561e+02	5.35857061e+02 ]'; %ug
Ka2=[	2.05309346e+01	6.68078050e+00	1.53820562e+00 ]'; %ugpg2
lvx=[	-4.18606909e-01	-5.31868374e-01	1.43002207e-01 ]'; %cm
lvy=[	-7.61364860e-01	-1.90921367e-01	9.77221240e-03 ]';
tGA=	2.53654397e+00 ; %ms
Elasped time (ms): 69975.

---- 2025/05/24 13:54:36 ----
Kg=[	1.00000000e+00	0.00000000e+00	0.00000000e+00
	0.00000000e+00	1.00000000e+00	0.00000000e+00
	0.00000000e+00	0.00000000e+00	1.00000000e+00 ];
eb=[	0.00000000e+00	0.00000000e+00	0.00000000e+00 ]'; %dph
Ka=[	1.00000000e+00	0.00000000e+00	0.00000000e+00
	0.00000000e+00	1.00000000e+00	0.00000000e+00
	0.00000000e+00	0.00000000e+00	1.00000000e+00 ];
db=[	0.00000000e+00	0.00000000e+00	0.00000000e+00 ]'; %ug
Ka2=[	0.00000000e+00	0.00000000e+00	0.00000000e+00 ]'; %ugpg2
lvx=[	0.00000000e+00	0.00000000e+00	0.00000000e+00 ]'; %cm
lvy=[	0.00000000e+00	0.00000000e+00	0.00000000e+00 ]';
tGA=	0.00000000e+00 ; %ms

---- 2025/05/24 13:56:15 ----
Kg=[	9.99961725e-01	1.01745059e-04	-8.76673642e-05
	-2.77325941e-05	9.99963173e-01	1.05740308e-04
	3.05125756e-05	-6.55214715e-06	9.99952221e-01 ];
eb=[	-8.70028576e-03	3.17941492e-03	-1.36217703e-02 ]'; %dph
Ka=[	1.00032871e+00	0.00000000e+00	0.00000000e+00
	-1.06389973e-04	1.00022657e+00	0.00000000e+00
	-1.91234901e-05	6.02792777e-05	1.00021185e+00 ];
db=[	9.64753739e+02	-4.44052240e+02	5.24385895e+02 ]'; %ug
Ka2=[	-4.99434367e+01	7.12330048e+01	-5.79039699e+01 ]'; %ugpg2
lvx=[	-8.58235401e-01	1.63832691e+00	3.85293349e-01 ]'; %cm
lvy=[	-1.57457111e+00	8.88093222e-01	1.00666782e+00 ]';
tGA=	2.52235778e+00 ; %ms
Elasped time (ms): 54069.

---- 2025/05/24 13:58:46 ----
Kg=[	1.00000768e+00	1.05860502e-04	-2.89717193e-05
	-2.84246648e-05	1.00000531e+00	3.80919435e-05
	3.35071300e-05	-7.27492546e-06	9.99959555e-01 ];
eb=[	-1.06251160e-02	2.73576220e-03	-1.37005605e-02 ]'; %dph
Ka=[	1.00033130e+00	0.00000000e+00	0.00000000e+00
	-1.10135655e-04	1.00023029e+00	0.00000000e+00
	4.87157476e-05	-1.28078412e-05	1.00021463e+00 ];
db=[	9.01880940e+02	-3.73350994e+02	4.59978488e+02 ]'; %ug
Ka2=[	1.94061134e+01	-1.28240692e+00	8.40976776e+00 ]'; %ugpg2
lvx=[	6.09982643e-01	1.51285413e-01	2.22507393e-01 ]'; %cm
lvy=[	1.38964832e+00	9.04551091e-02	-5.35699812e-01 ]';
tGA=	2.54162942e+00 ; %ms
Elasped time (ms): 54282.

---- 2025/05/24 14:02:54 ----
Kg=[	1.00001020e+00	2.83850826e-05	-2.39312415e-05
	-2.82938790e-05	1.00000833e+00	3.50367435e-05
	3.36443093e-05	-7.38454126e-06	9.99970807e-01 ];
eb=[	-1.08787088e-02	3.02572513e-03	-1.44781651e-02 ]'; %dph
Ka=[	1.00033149e+00	0.00000000e+00	0.00000000e+00
	-3.27183194e-05	1.00023040e+00	0.00000000e+00
	5.33009997e-05	-1.79264647e-05	1.00021487e+00 ];
db=[	8.97431777e+02	-3.69854357e+02	4.56080080e+02 ]'; %ug
Ka2=[	2.34963681e+01	-5.52617811e+00	1.25135164e+01 ]'; %ugpg2
lvx=[	6.19821934e-01	-7.73606561e-02	2.19653130e-02 ]'; %cm
lvy=[	1.36854606e+00	-1.67791278e-03	-4.91641177e-01 ]';
tGA=	2.53176936e+00 ; %ms
Elasped time (ms): 52105.

---- 2025/05/24 14:04:52 ----
Kg=[	1.00001393e+00	3.08555564e-05	-1.19683423e-05
	-2.85873785e-05	1.00001748e+00	2.95143716e-05
	3.44321930e-05	-7.66265161e-06	9.99978511e-01 ];
eb=[	-1.13682043e-02	2.50704487e-03	-1.41484092e-02 ]'; %dph
Ka=[	1.00033228e+00	0.00000000e+00	0.00000000e+00
	-3.53348413e-05	1.00023001e+00	0.00000000e+00
	6.78961912e-05	-2.25673669e-05	1.00021557e+00 ];
db=[	8.83970177e+02	-3.63881267e+02	4.46563695e+02 ]'; %ug
Ka2=[	3.85807351e+01	-1.23183736e+01	2.24161822e+01 ]'; %ugpg2
lvx=[	1.03367442e+00	-3.23131569e-01	-8.16985182e-01 ]'; %cm
lvy=[	2.24434092e+00	-1.20626157e-01	1.50779933e-01 ]';
tGA=	2.53238305e+00 ; %ms
Elasped time (ms): 57988.

---- 2025/05/24 14:08:25 ----
Kg=[	1.00001831e+00	-1.52937255e-05	-1.47688488e-05
	-2.85981878e-05	1.00001472e+00	2.18891197e-05
	3.40915753e-05	-7.81540388e-06	9.99984038e-01 ];
eb=[	-1.14395202e-02	2.84379388e-03	-1.43013179e-02 ]'; %dph
Ka=[	1.00033116e+00	0.00000000e+00	0.00000000e+00
	1.10545356e-05	1.00023042e+00	0.00000000e+00
	6.28255290e-05	-2.98099848e-05	1.00021549e+00 ];
db=[	8.87365493e+02	-3.56628363e+02	4.45430646e+02 ]'; %ug
Ka2=[	3.52364030e+01	-1.78556808e+01	2.36123440e+01 ]'; %ugpg2
lvx=[	8.23043049e-01	1.10458001e-01	2.31391068e-01 ]'; %cm
lvy=[	1.77819325e+00	8.24625236e-02	-9.04804405e-01 ]';
tGA=	2.52298676e+00 ; %ms
Elasped time (ms): 52636.

---- 2025/05/24 14:13:21 ----
Kg=[	1.00001020e+00	2.83850826e-05	-2.39312415e-05
	-2.82938790e-05	1.00000833e+00	3.50367435e-05
	3.36443093e-05	-7.38454126e-06	9.99970807e-01 ];
eb=[	-1.08787088e-02	3.02572513e-03	-1.44781651e-02 ]'; %dph
Ka=[	1.00033149e+00	0.00000000e+00	0.00000000e+00
	-3.27183194e-05	1.00023040e+00	0.00000000e+00
	5.33009997e-05	-1.79264647e-05	1.00021487e+00 ];
db=[	8.97431777e+02	-3.69854357e+02	4.56080080e+02 ]'; %ug
Ka2=[	2.34963681e+01	-5.52617811e+00	1.25135164e+01 ]'; %ugpg2
lvx=[	6.19821934e-01	-7.73606561e-02	2.19653130e-02 ]'; %cm
lvy=[	1.36854606e+00	-1.67791278e-03	-4.91641177e-01 ]';
tGA=	2.53176936e+00 ; %ms
Elasped time (ms): 52511.

---- 2025/05/24 14:15:14 ----
Kg=[	1.00001213e+00	4.71803668e-05	-2.11764165e-05
	-2.84435586e-05	1.00001042e+00	3.14596637e-05
	3.35942966e-05	-7.34597814e-06	9.99966842e-01 ];
eb=[	-1.12201658e-02	3.22199226e-03	-1.33910346e-02 ]'; %dph
Ka=[	1.00033132e+00	0.00000000e+00	0.00000000e+00
	-5.17074270e-05	1.00023018e+00	0.00000000e+00
	5.62239516e-05	-1.95870629e-05	1.00021532e+00 ];
db=[	8.94439987e+02	-3.66533674e+02	4.53232534e+02 ]'; %ug
Ka2=[	2.73786726e+01	-8.35395449e+00	1.56936928e+01 ]'; %ugpg2
lvx=[	7.21960032e-01	5.60926185e-02	-4.76150899e-02 ]'; %cm
lvy=[	1.44302698e+00	3.61162591e-02	-6.34106981e-01 ]';
tGA=	2.52301483e+00 ; %ms
Elasped time (ms): 53665.

---- 2025/05/24 15:12:04 ----

---- 2025/05/24 15:12:24 ----
Kg=[	9.99991992e-01	1.37355997e-04	-3.97276760e-05
	-6.23148207e-05	9.99999732e-01	1.24668129e-04
	4.94659631e-05	-1.31387089e-05	9.99942221e-01 ];
eb=[	2.94175528e-03	4.36109228e-03	-1.64673725e-03 ]'; %dph
Ka=[	1.00029390e+00	0.00000000e+00	0.00000000e+00
	-1.46760389e-04	1.00019460e+00	0.00000000e+00
	2.80987401e-05	8.35407964e-06	1.00018031e+00 ];
db=[	7.20360795e+02	-3.47074436e+02	5.42449092e+02 ]'; %ug
Ka2=[	1.30039665e+01	1.37266883e+01	-4.86216870e+00 ]'; %ugpg2
lvx=[	-6.05476178e-01	-4.70233566e-01	-9.79141502e-02 ]'; %cm
lvy=[	-1.11866135e+00	-2.22528740e-01	1.52055307e-02 ]';
tGA=	2.54348192e+00 ; %ms
Elasped time (ms): 52385.

---- 2025/05/24 15:14:10 ----
Kg=[	9.99989021e-01	1.64332467e-04	-4.41969274e-05
	-6.24516314e-05	9.99996396e-01	1.28821129e-04
	4.91241138e-05	-1.30267300e-05	9.99936036e-01 ];
eb=[	3.14992164e-03	4.28842714e-03	-1.68544371e-03 ]'; %dph
Ka=[	1.00029363e+00	0.00000000e+00	0.00000000e+00
	-1.73733357e-04	1.00019452e+00	0.00000000e+00
	2.22165489e-05	1.29573696e-05	1.00018025e+00 ];
db=[	7.25305838e+02	-3.51243520e+02	5.47587037e+02 ]'; %ug
Ka2=[	7.95352100e+00	1.92770609e+01	-9.98848085e+00 ]'; %ugpg2
lvx=[	-6.71994718e-01	-3.10242149e-01	-6.92326982e-02 ]'; %cm
lvy=[	-1.30320636e+00	-1.04616124e-01	-3.55862365e-02 ]';
tGA=	2.53760231e+00 ; %ms
Elasped time (ms): 55129.

---- 2025/05/24 15:15:30 ----
Kg=[	9.99996130e-01	8.16276914e-05	-3.42528113e-05
	-6.25043840e-05	1.00000352e+00	1.18524653e-04
	4.97912392e-05	-1.34986501e-05	9.99938547e-01 ];
eb=[	2.66374978e-03	4.41559624e-03	-3.16940351e-03 ]'; %dph
Ka=[	1.00029372e+00	0.00000000e+00	0.00000000e+00
	-9.13648622e-05	1.00019393e+00	0.00000000e+00
	3.43913837e-05	1.16986304e-06	1.00018026e+00 ];
db=[	7.14611961e+02	-3.40267186e+02	5.36120380e+02 ]'; %ug
Ka2=[	1.99840917e+01	7.11252667e+00	1.23237150e+00 ]'; %ugpg2
lvx=[	-4.89795346e-01	-5.49649276e-01	8.96665465e-02 ]'; %cm
lvy=[	-9.10289963e-01	-2.01291704e-01	9.03914159e-02 ]';
tGA=	2.53648977e+00 ; %ms
Elasped time (ms): 52974.

---- 2025/05/24 17:34:31 ----
Kg=[	1.00001780e+00	-7.39358974e-05	1.62386917e-05
	-9.66138877e-05	1.00001915e+00	1.51295218e-04
	5.04435347e-05	-3.20180837e-05	1.00001231e+00 ];
eb=[	-1.00949255e-03	9.38481997e-03	2.23091566e-03 ]'; %dph
Ka=[	1.00028767e+00	0.00000000e+00	0.00000000e+00
	4.41306280e-05	1.00019840e+00	0.00000000e+00
	4.25396593e-05	-3.19308851e-05	1.00015209e+00 ];
db=[	8.88489466e+02	-3.73460417e+02	4.59490270e+02 ]'; %ug
Ka2=[	4.03694979e+01	-2.17642667e+01	2.81817849e+01 ]'; %ugpg2
lvx=[	-2.12585799e-01	-4.04968797e-01	-7.30251309e-01 ]'; %cm
lvy=[	-3.48256499e-01	-9.68767075e-02	-7.72446582e-01 ]';
tGA=	2.53401156e+00 ; %ms
Elasped time (ms): 53145.

---- 2025/05/24 17:36:19 ----
Kg=[	1.00002002e+00	-7.30555400e-05	1.99850061e-05
	-9.66237308e-05	1.00002152e+00	1.47849977e-04
	5.04224441e-05	-3.20146257e-05	1.00001437e+00 ];
eb=[	-1.08277940e-03	9.40766517e-03	2.21673191e-03 ]'; %dph
Ka=[	9.98775229e-01	0.00000000e+00	0.00000000e+00
	4.31916996e-05	9.98686071e-01	0.00000000e+00
	4.61283948e-05	-3.53399053e-05	9.98639927e-01 ];
db=[	8.83447848e+02	-3.69407208e+02	4.55382111e+02 ]'; %ug
Ka2=[	4.39655372e+01	-2.52581241e+01	3.16735494e+01 ]'; %ugpg2
lvx=[	-2.12891595e-01	-4.21626269e-01	-8.02446560e-01 ]'; %cm
lvy=[	-3.51507368e-01	-1.05989039e-01	-7.90901466e-01 ]';
tGA=	2.53408991e+00 ; %ms
Elasped time (ms): 52524.

---- 2025/05/24 17:37:31 ----
Kg=[	1.00001827e+00	-8.62521241e-05	1.71968356e-05
	-9.66193053e-05	1.00001971e+00	1.50549770e-04
	5.04817414e-05	-3.20442873e-05	1.00001700e+00 ];
eb=[	-1.04237436e-03	9.38225422e-03	2.20555007e-03 ]'; %dph
Ka=[	9.98775133e-01	0.00000000e+00	0.00000000e+00
	5.63654564e-05	9.98685976e-01	0.00000000e+00
	4.33216628e-05	-3.26337280e-05	9.98639680e-01 ];
db=[	8.86235156e+02	-3.72121846e+02	4.57748184e+02 ]'; %ug
Ka2=[	4.12381228e+01	-2.25833001e+01	2.90517346e+01 ]'; %ugpg2
lvx=[	-2.11862462e-01	-4.08819582e-01	-6.94124165e-01 ]'; %cm
lvy=[	-3.48023752e-01	-9.91523451e-02	-7.06271895e-01 ]';
tGA=	2.53382981e+00 ; %ms
Elasped time (ms): 58550.

---- 2025/05/24 17:39:53 ----
Kg=[	9.99987019e-01	-1.53562392e-04	-3.02137005e-05
	-9.65750164e-05	9.99989018e-01	1.98034616e-04
	5.06052740e-05	-3.21257170e-05	1.00002158e+00 ];
eb=[	-2.08087709e-04	9.06908281e-03	1.44803843e-03 ]'; %dph
Ka=[	9.98773554e-01	0.00000000e+00	0.00000000e+00
	1.23764990e-04	9.98683946e-01	0.00000000e+00
	-4.68115691e-06	1.67648829e-05	9.98636499e-01 ];
db=[	9.33715648e+02	-4.20324774e+02	5.01072892e+02 ]'; %ug
Ka2=[	-6.06330261e+00	2.63277985e+01	-1.73123101e+01 ]'; %ugpg2
lvx=[	-3.33158552e-01	1.62036203e-01	4.21276521e-01 ]'; %cm
lvy=[	-5.66881556e-01	1.88952981e-01	5.45933237e-01 ]';
tGA=	2.53068080e+00 ; %ms
Elasped time (ms): 56226.

---- 2025/05/24 17:41:48 ----
Kg=[	9.99994485e-01	-4.24234482e-05	-2.04954361e-05
	-9.66550139e-05	9.99996363e-01	1.85828416e-04
	5.06624112e-05	-3.15236350e-05	1.00001211e+00 ];
eb=[	-2.22043810e-04	7.89027594e-03	1.24079845e-03 ]'; %dph
Ka=[	1.00028640e+00	0.00000000e+00	0.00000000e+00
	1.27189678e-05	1.00019711e+00	0.00000000e+00
	7.37865203e-06	5.28654057e-06	1.00014979e+00 ];
db=[	9.24465219e+02	-4.09479362e+02	4.91864314e+02 ]'; %ug
Ka2=[	5.56961252e+00	1.58549959e+01	-6.63705340e+00 ]'; %ugpg2
lvx=[	-9.03067253e-02	5.51886610e-01	1.48340732e-01 ]'; %cm
lvy=[	-9.63373278e-02	3.62983297e-01	1.43817079e-01 ]';
tGA=	2.52014960e+00 ; %ms
Elasped time (ms): 54153.

---- 2025/05/24 17:47:50 ----
Kg=[	9.99994485e-01	-4.24234482e-05	-2.04954361e-05
	-9.66550139e-05	9.99996363e-01	1.85828416e-04
	5.06624112e-05	-3.15236350e-05	1.00001211e+00 ];
eb=[	-2.22043810e-04	7.89027594e-03	1.24079845e-03 ]'; %dph
Ka=[	1.00028640e+00	0.00000000e+00	0.00000000e+00
	1.27189678e-05	1.00019711e+00	0.00000000e+00
	7.37865203e-06	5.28654057e-06	1.00014979e+00 ];
db=[	9.24465219e+02	-4.09479362e+02	4.91864314e+02 ]'; %ug
Ka2=[	5.56961252e+00	1.58549959e+01	-6.63705340e+00 ]'; %ugpg2
lvx=[	-9.03067253e-02	5.51886610e-01	1.48340732e-01 ]'; %cm
lvy=[	-9.63373278e-02	3.62983297e-01	1.43817079e-01 ]';
tGA=	2.52014960e+00 ; %ms
Elasped time (ms): 54576.

---- 2025/05/24 17:52:05 ----
Kg=[	9.99985873e-01	4.57511038e-04	-1.79004662e-05
	-9.50156499e-05	9.99987900e-01	1.99623508e-04
	4.45560449e-05	-5.44837198e-05	1.00023770e+00 ];
eb=[	1.52694346e-02	1.41478222e-02	3.01106445e-02 ]'; %dph
Ka=[	1.00028710e+00	0.00000000e+00	0.00000000e+00
	-4.94406276e-04	1.00019670e+00	0.00000000e+00
	8.35096153e-06	1.64838275e-05	1.00014934e+00 ];
db=[	9.24488024e+02	-4.21595183e+02	5.04409993e+02 ]'; %ug
Ka2=[	8.48540002e+00	2.74774063e+01	-1.97775536e+01 ]'; %ugpg2
lvx=[	2.67804685e-01	-1.66641682e-02	2.00333652e-01 ]'; %cm
lvy=[	4.36480922e-01	2.19105233e-01	-3.48277927e-02 ]';
tGA=	2.56573128e+00 ; %ms
Elasped time (ms): 53083.

---- 2025/05/24 17:53:45 ----
Kg=[	9.99989275e-01	4.95797266e-04	-1.34097631e-05
	-9.47380371e-05	9.99991208e-01	1.94225284e-04
	4.53797141e-05	-5.45635021e-05	1.00023313e+00 ];
eb=[	1.58964026e-02	1.36020698e-02	2.68493951e-02 ]'; %dph
Ka=[	1.00028746e+00	0.00000000e+00	0.00000000e+00
	-5.30366618e-04	1.00019571e+00	0.00000000e+00
	1.41929178e-05	1.19618193e-05	1.00014903e+00 ];
db=[	9.19802483e+02	-4.15575324e+02	4.99002745e+02 ]'; %ug
Ka2=[	1.34953631e+01	2.05897280e+01	-1.47356963e+01 ]'; %ugpg2
lvx=[	3.96645194e-01	1.15261918e-01	2.33138802e-01 ]'; %cm
lvy=[	4.22868145e-01	3.06949617e-01	-4.15759889e-02 ]';
tGA=	2.56903688e+00 ; %ms
Elasped time (ms): 52656.

---- 2025/05/24 17:55:23 ----
Kg=[	9.99997144e-01	-4.64902549e-05	-1.60297674e-05
	-9.66632078e-05	9.99999400e-01	1.81400717e-04
	5.08751811e-05	-3.16296852e-05	1.00001504e+00 ];
eb=[	-4.52474785e-04	7.94258321e-03	1.49237541e-03 ]'; %dph
Ka=[	1.00028675e+00	0.00000000e+00	0.00000000e+00
	1.67792582e-05	1.00019695e+00	0.00000000e+00
	1.21594113e-05	1.50254566e-06	1.00015000e+00 ];
db=[	9.19784494e+02	-4.05122584e+02	4.87527222e+02 ]'; %ug
Ka2=[	1.05319261e+01	1.19645496e+01	-2.05854835e+00 ]'; %ugpg2
lvx=[	-4.05915169e-02	6.55337670e-01	2.29360698e-02 ]'; %cm
lvy=[	-3.89232305e-03	4.30803294e-01	1.09657608e-01 ]';
tGA=	2.53104948e+00 ; %ms
Elasped time (ms): 52957.

---- 2025/05/24 17:58:43 ----
Kg=[	1.00001017e+00	-6.97496966e-05	6.50551129e-06
	-9.67796543e-05	1.00001416e+00	1.60573141e-04
	5.09463080e-05	-3.12553946e-05	1.00001876e+00 ];
eb=[	-1.04505997e-03	7.58904679e-03	1.39338473e-03 ]'; %dph
Ka=[	1.00028820e+00	0.00000000e+00	0.00000000e+00
	4.03025377e-05	1.00019756e+00	0.00000000e+00
	3.57638204e-05	-1.84637257e-05	1.00015147e+00 ];
db=[	8.97113233e+02	-3.84556604e+02	4.67801386e+02 ]'; %ug
Ka2=[	3.25137559e+01	-7.46725124e+00	1.90738024e+01 ]'; %ugpg2
lvx=[	3.97208074e-03	8.33036984e-01	-7.67332002e-01 ]'; %cm
lvy=[	1.21474592e-01	5.03992575e-01	-1.92870534e-01 ]';
tGA=	2.54065237e+00 ; %ms
Elasped time (ms): 52244.

---- 2025/05/24 18:01:22 ----
Kg=[	9.99999185e-01	-7.40482702e-05	-1.26449600e-05
	-9.65710361e-05	1.00000059e+00	1.79508717e-04
	5.06651194e-05	-3.18637913e-05	1.00001194e+00 ];
eb=[	-3.88018884e-04	8.90626883e-03	1.80675514e-03 ]'; %dph
Ka=[	1.00028660e+00	0.00000000e+00	0.00000000e+00
	4.44759568e-05	1.00019747e+00	0.00000000e+00
	1.34186489e-05	-2.77661890e-06	1.00014985e+00 ];
db=[	9.17103510e+02	-4.02418197e+02	4.84876092e+02 ]'; %ug
Ka2=[	1.25160558e+01	7.87240968e+00	5.01200818e-01 ]'; %ugpg2
lvx=[	-2.36274354e-01	3.27784969e-02	1.82086204e-01 ]'; %cm
lvy=[	-3.55306859e-01	1.16968549e-01	6.61011441e-02 ]';
tGA=	2.52151389e+00 ; %ms
Elasped time (ms): 52512.

---- 2025/05/24 18:02:47 ----
Kg=[	9.99999947e-01	-8.39154833e-05	-1.13841677e-05
	-9.65756194e-05	1.00000135e+00	1.78300154e-04
	5.06686628e-05	-3.18718242e-05	1.00001552e+00 ];
eb=[	-4.40431148e-04	8.92904437e-03	1.83330221e-03 ]'; %dph
Ka=[	1.00028664e+00	0.00000000e+00	0.00000000e+00
	5.43402272e-05	1.00019752e+00	0.00000000e+00
	1.45725228e-05	-3.94665958e-06	1.00014994e+00 ];
db=[	9.15894806e+02	-4.01214620e+02	4.83816709e+02 ]'; %ug
Ka2=[	1.36529308e+01	6.73212196e+00	1.65327724e+00 ]'; %ugpg2
lvx=[	-2.42351373e-01	4.54705303e-02	1.48775605e-01 ]'; %cm
lvy=[	-3.68779523e-01	1.23214142e-01	3.32374426e-02 ]';
tGA=	2.52166421e+00 ; %ms
Elasped time (ms): 56562.

---- 2025/05/24 18:06:04 ----
Kg=[	1.00004047e+00	-2.68184665e-04	5.47679687e-05
	-9.78297859e-05	1.00004269e+00	1.16863297e-04
	4.69063536e-05	-3.37155527e-05	1.00021380e+00 ];
eb=[	-2.09614990e-03	9.97851211e-03	3.91474698e-03 ]'; %dph
Ka=[	1.00028997e+00	0.00000000e+00	0.00000000e+00
	2.40884261e-04	1.00019765e+00	0.00000000e+00
	7.99365622e-05	-6.73392663e-05	1.00015158e+00 ];
db=[	8.49977168e+02	-3.37553796e+02	4.19957840e+02 ]'; %ug
Ka2=[	7.98032552e+01	-5.74571005e+01	6.62627909e+01 ]'; %ugpg2
lvx=[	1.81109603e-02	6.52835992e-02	1.63237603e-01 ]'; %cm
lvy=[	-1.69948620e-02	1.11134985e-01	-6.14205871e-01 ]';
tGA=	2.53548646e+00 ; %ms
Elasped time (ms): 55454.

---- 2025/05/24 18:07:27 ----
Kg=[	1.00001503e+00	-1.09902696e-04	1.08461903e-05
	-9.73492622e-05	1.00001631e+00	1.55208493e-04
	4.84746869e-05	-3.21885918e-05	1.00012935e+00 ];
eb=[	-9.79572714e-04	1.01594616e-02	3.74732813e-03 ]'; %dph
Ka=[	1.00028769e+00	0.00000000e+00	0.00000000e+00
	8.14034429e-05	1.00019805e+00	0.00000000e+00
	3.81662387e-05	-2.73768290e-05	1.00015072e+00 ];
db=[	8.93439574e+02	-3.77064367e+02	4.61015532e+02 ]'; %ug
Ka2=[	3.70608816e+01	-1.74798357e+01	2.49588474e+01 ]'; %ugpg2
lvx=[	7.97846734e-03	1.70604362e-01	-1.76153257e-03 ]'; %cm
lvy=[	2.73775934e-02	1.90505169e-01	-2.26055531e-01 ]';
tGA=	2.53206195e+00 ; %ms
Elasped time (ms): 55474.

---- 2025/05/24 18:08:56 ----
Kg=[	9.99999946e-01	-8.39128879e-05	-1.13854470e-05
	-9.65755905e-05	1.00000135e+00	1.78301626e-04
	5.06685458e-05	-3.18718020e-05	1.00001552e+00 ];
eb=[	-4.40372866e-04	8.92906887e-03	1.83333872e-03 ]'; %dph
Ka=[	1.00028664e+00	0.00000000e+00	0.00000000e+00
	5.43376335e-05	1.00019752e+00	0.00000000e+00
	1.45708604e-05	-3.94508163e-06	1.00014994e+00 ];
db=[	9.15896254e+02	-4.01216155e+02	4.83818201e+02 ]'; %ug
Ka2=[	1.36512038e+01	6.73370914e+00	1.65175890e+00 ]'; %ugpg2
lvx=[	-2.42409383e-01	4.54983906e-02	1.48781729e-01 ]'; %cm
lvy=[	-3.68893856e-01	1.23228600e-01	3.32569974e-02 ]';
tGA=	2.52166412e+00 ; %ms
Elasped time (ms): 54790.

---- 2025/05/24 18:11:41 ----
Kg=[	9.99999807e-01	-1.57258034e-04	-1.14062265e-05
	-9.66380178e-05	1.00000116e+00	1.78802502e-04
	5.09464461e-05	-3.18628246e-05	1.00005135e+00 ];
eb=[	-6.24029871e-04	9.00402727e-03	1.74892155e-03 ]'; %dph
Ka=[	1.00028660e+00	0.00000000e+00	0.00000000e+00
	1.27683540e-04	1.00019752e+00	0.00000000e+00
	1.41207081e-05	-3.75654606e-06	1.00014992e+00 ];
db=[	9.16247486e+02	-4.01441841e+02	4.84048962e+02 ]'; %ug
Ka2=[	1.32128269e+01	6.93266609e+00	1.40648027e+00 ]'; %ugpg2
lvx=[	-2.44318960e-01	4.26731521e-02	1.54303038e-01 ]'; %cm
lvy=[	-3.72366081e-01	1.21393692e-01	3.87106082e-02 ]';
tGA=	2.52189166e+00 ; %ms
Elasped time (ms): 55957.

---- 2025/05/24 18:13:57 ----
Kg=[	1.00000571e+00	-7.68812690e-05	-2.41382104e-06
	-9.63310649e-05	1.00000752e+00	1.68169483e-04
	5.06289112e-05	-3.14957172e-05	1.00001172e+00 ];
eb=[	-3.31295068e-04	7.80848044e-03	8.40250913e-04 ]'; %dph
Ka=[	1.00028755e+00	0.00000000e+00	0.00000000e+00
	4.71795657e-05	1.00019761e+00	0.00000000e+00
	2.46782072e-05	-1.25754769e-05	1.00015033e+00 ];
db=[	9.07034537e+02	-3.91203167e+02	4.74818215e+02 ]'; %ug
Ka2=[	2.25768787e+01	-2.74358961e+00	1.07998331e+01 ]'; %ugpg2
lvx=[	-1.18092193e-01	5.21478228e-01	1.32701020e-04 ]'; %cm
lvy=[	-2.32540258e-01	3.55684703e-01	2.92551518e-03 ]';
tGA=	2.52982643e+00 ; %ms
Elasped time (ms): 54024.

---- 2025/05/24 18:15:27 ----
Kg=[	1.00000983e+00	-8.07653852e-05	5.60640859e-06
	-9.67739055e-05	1.00001350e+00	1.61105598e-04
	5.09503983e-05	-3.12570215e-05	1.00002401e+00 ];
eb=[	-1.04055980e-03	7.63547693e-03	1.35799600e-03 ]'; %dph
Ka=[	1.00028806e+00	0.00000000e+00	0.00000000e+00
	5.13158217e-05	1.00019757e+00	0.00000000e+00
	3.47131281e-05	-1.79252540e-05	1.00015139e+00 ];
db=[	8.98099343e+02	-3.85088087e+02	4.68425838e+02 ]'; %ug
Ka2=[	3.15456708e+01	-6.91131332e+00	1.83583908e+01 ]'; %ugpg2
lvx=[	-5.93618235e-03	8.41692298e-01	-6.78325515e-01 ]'; %cm
lvy=[	1.00008473e-01	5.08102830e-01	-2.04485921e-01 ]';
tGA=	2.53969037e+00 ; %ms
Elasped time (ms): 54270.

---- 2025/05/24 18:17:50 ----
Kg=[	9.99958202e-01	-4.22919191e-05	-8.22487367e-05
	-9.61522004e-05	9.99955053e-01	2.39418283e-04
	4.97553878e-05	-3.13528527e-05	1.00001498e+00 ];
eb=[	6.79307332e-04	7.85424450e-03	1.79466803e-03 ]'; %dph
Ka=[	1.00028335e+00	0.00000000e+00	0.00000000e+00
	1.28499210e-05	1.00019544e+00	0.00000000e+00
	-5.76769499e-05	6.29781362e-05	1.00014538e+00 ];
db=[	9.87442262e+02	-4.65250132e+02	5.46183293e+02 ]'; %ug
Ka2=[	-5.64123022e+01	7.44224385e+01	-6.44492312e+01 ]'; %ugpg2
lvx=[	-5.92964224e-01	1.72136368e+00	2.33797089e+00 ]'; %cm
lvy=[	-1.06488117e+00	9.94219522e-01	6.89580297e-01 ]';
tGA=	2.51746286e+00 ; %ms
Elasped time (ms): 56895.

---- 2025/05/24 18:19:44 ----
Kg=[	9.99993983e-01	-1.03094609e-04	-2.03492174e-05
	-9.66490384e-05	9.99996390e-01	1.88203486e-04
	5.10309677e-05	-3.16799784e-05	1.00000213e+00 ];
eb=[	-5.02217713e-04	8.14697823e-03	5.48290617e-04 ]'; %dph
Ka=[	1.00028640e+00	0.00000000e+00	0.00000000e+00
	7.35939230e-05	1.00019685e+00	0.00000000e+00
	6.64828777e-06	4.92761479e-06	1.00014901e+00 ];
db=[	9.24486297e+02	-4.10639503e+02	4.90405774e+02 ]'; %ug
Ka2=[	5.87601942e+00	1.48872457e+01	-6.50114698e+00 ]'; %ugpg2
lvx=[	-1.39732899e-01	-1.74547749e-01	4.68566706e-01 ]'; %cm
lvy=[	-2.05071778e-01	-3.89633077e-03	6.84336191e-01 ]';
tGA=	2.52139477e+00 ; %ms
Elasped time (ms): 53677.

---- 2025/05/26 17:21:06 ----
Kg=[	9.99993989e-01	-1.02447016e-04	-2.03470874e-05
	-9.66461098e-05	9.99996394e-01	1.88194029e-04
	5.10314024e-05	-3.16786693e-05	1.00000203e+00 ];
eb=[	-5.10730065e-04	8.13981409e-03	5.60636629e-04 ]'; %dph
Ka=[	1.00028640e+00	0.00000000e+00	0.00000000e+00
	7.29447016e-05	1.00019685e+00	0.00000000e+00
	6.65644195e-06	4.91256134e-06	1.00014901e+00 ];
db=[	9.24479060e+02	-4.10626614e+02	4.90399733e+02 ]'; %ug
Ka2=[	5.88221556e+00	1.48749136e+01	-6.49351705e+00 ]'; %ugpg2
lvx=[	-1.40061425e-01	-1.74415970e-01	4.68670606e-01 ]'; %cm
lvy=[	-2.03614599e-01	-3.88362429e-03	6.83616913e-01 ]';
tGA=	2.52140365e+00 ; %ms
Elasped time (ms): 161302.

---- 2025/05/26 17:25:30 ----
Kg=[	9.99988025e-01	-7.75741752e-05	-2.92508633e-05
	-9.65314793e-05	9.99990587e-01	1.97301532e-04
	5.10238065e-05	-3.16372487e-05	9.99997744e-01 ];
eb=[	-1.35121271e-04	8.06848774e-03	1.39686560e-03 ]'; %dph
Ka=[	1.00028650e+00	0.00000000e+00	0.00000000e+00
	4.79162880e-05	1.00019672e+00	0.00000000e+00
	-1.92234322e-06	1.42542804e-05	1.00014889e+00 ];
db=[	9.33465017e+02	-4.20061443e+02	4.99686494e+02 ]'; %ug
Ka2=[	-3.48628248e+00	2.40125272e+01	-1.57589010e+01 ]'; %ugpg2
lvx=[	-1.55784225e-01	-2.91293330e-01	4.32177513e-01 ]'; %cm
lvy=[	-2.11345873e-01	-1.63047489e-02	7.07392835e-01 ]';
tGA=	2.52717088e+00 ; %ms
Elasped time (ms): 132156.

---- 2025/05/26 17:30:01 ----
Kg=[	1.00001064e+00	-2.08504682e-05	1.99711712e-06
	-9.73411849e-05	1.00001146e+00	1.61955702e-04
	4.82816447e-05	-3.20966592e-05	1.00001396e+00 ];
eb=[	-1.01399292e-03	9.26945073e-03	4.70945122e-03 ]'; %dph
Ka=[	1.00028723e+00	0.00000000e+00	0.00000000e+00
	-8.09456309e-06	1.00019801e+00	0.00000000e+00
	3.07308478e-05	-2.08889480e-05	1.00015071e+00 ];
db=[	9.01141439e+02	-3.84766479e+02	4.68383606e+02 ]'; %ug
Ka2=[	2.95832484e+01	-1.04341569e+01	1.72922348e+01 ]'; %ugpg2
lvx=[	1.31590372e-02	-5.56074011e-02	7.31777113e-02 ]'; %cm
lvy=[	1.61854721e-01	8.23736323e-02	-2.40085481e-01 ]';
tGA=	2.54280365e+00 ; %ms
Elasped time (ms): 193743.

---- 2025/05/26 17:33:59 ----
Kg=[	1.00002067e+00	-5.25925108e-05	1.86767849e-05
	-9.75916906e-05	1.00002055e+00	1.48166812e-04
	4.62055860e-05	-3.33951692e-05	1.00006032e+00 ];
eb=[	-2.29859479e-03	9.26795246e-03	6.53008272e-03 ]'; %dph
Ka=[	1.00028893e+00	0.00000000e+00	0.00000000e+00
	2.42434781e-05	1.00019835e+00	0.00000000e+00
	4.52693240e-05	-3.66139221e-05	1.00015026e+00 ];
db=[	8.84315483e+02	-3.70853649e+02	4.52974268e+02 ]'; %ug
Ka2=[	4.56995136e+01	-2.41912656e+01	3.19911481e+01 ]'; %ugpg2
lvx=[	-6.60700403e-02	-7.58344463e-02	3.41934588e-01 ]'; %cm
lvy=[	8.31341453e-02	6.48746344e-02	-3.76481748e-01 ]';
tGA=	2.54643551e+00 ; %ms
Elasped time (ms): 188131.

---- 2025/05/26 17:38:00 ----
Kg=[	1.00001064e+00	-2.08504682e-05	1.99711712e-06
	-9.73411849e-05	1.00001146e+00	1.61955702e-04
	4.82816447e-05	-3.20966592e-05	1.00001396e+00 ];
eb=[	-1.01399292e-03	9.26945073e-03	4.70945122e-03 ]'; %dph
Ka=[	1.00028723e+00	0.00000000e+00	0.00000000e+00
	-8.09456309e-06	1.00019801e+00	0.00000000e+00
	3.07308478e-05	-2.08889480e-05	1.00015071e+00 ];
db=[	9.01141439e+02	-3.84766479e+02	4.68383606e+02 ]'; %ug
Ka2=[	2.95832484e+01	-1.04341569e+01	1.72922348e+01 ]'; %ugpg2
lvx=[	1.31590372e-02	-5.56074011e-02	7.31777113e-02 ]'; %cm
lvy=[	1.61854721e-01	8.23736323e-02	-2.40085481e-01 ]';
tGA=	2.54280365e+00 ; %ms
Elasped time (ms): 157749.

---- 2025/05/26 17:44:44 ----
Kg=[	1.00001835e+00	2.88976562e-05	-1.01715627e-04
	-1.07782889e-04	9.99954966e-01	1.29168592e-04
	4.96008082e-05	-3.29035049e-05	9.99999855e-01 ];
eb=[	7.17875275e-03	-1.92512833e-03	5.37958897e-04 ]'; %dph
Ka=[	1.00015540e+00	0.00000000e+00	0.00000000e+00
	2.79944221e-05	1.00010054e+00	0.00000000e+00
	8.93373015e-05	-7.78209067e-05	1.00021437e+00 ];
db=[	9.76014554e+02	-4.02377187e+02	5.28315422e+02 ]'; %ug
Ka2=[	3.38475167e+01	3.25657534e+01	2.31787118e+01 ]'; %ugpg2
lvx=[	-2.81891896e+00	1.87367698e+00	5.23254667e+00 ]'; %cm
lvy=[	-9.89427911e-01	3.29638096e+00	-2.53183992e+00 ]';
tGA=	2.52963021e+00 ; %ms
Elasped time (ms): 211048.

---- 2025/05/26 17:50:26 ----
Kg=[	1.00001835e+00	2.88976562e-05	-1.01715627e-04
	-1.07782889e-04	9.99954966e-01	1.29168592e-04
	4.96008082e-05	-3.29035049e-05	9.99999855e-01 ];
eb=[	7.17875275e-03	-1.92512833e-03	5.37958897e-04 ]'; %dph
Ka=[	1.00015540e+00	0.00000000e+00	0.00000000e+00
	2.79944221e-05	1.00010054e+00	0.00000000e+00
	8.93373015e-05	-7.78209067e-05	1.00021437e+00 ];
db=[	9.76014554e+02	-4.02377187e+02	5.28315422e+02 ]'; %ug
Ka2=[	3.38475167e+01	3.25657534e+01	2.31787118e+01 ]'; %ugpg2
lvx=[	-2.81891896e+00	1.87367698e+00	5.23254667e+00 ]'; %cm
lvy=[	-9.89427911e-01	3.29638096e+00	-2.53183992e+00 ]';
tGA=	2.52963021e+00 ; %ms
Elasped time (ms): 212334.

---- 2025/05/26 17:55:48 ----
Kg=[	1.00001064e+00	-2.08504682e-05	1.99711712e-06
	-9.73411849e-05	1.00001146e+00	1.61955702e-04
	4.82816447e-05	-3.20966592e-05	1.00001396e+00 ];
eb=[	-1.01399292e-03	9.26945073e-03	4.70945122e-03 ]'; %dph
Ka=[	1.00028723e+00	0.00000000e+00	0.00000000e+00
	-8.09456309e-06	1.00019801e+00	0.00000000e+00
	3.07308478e-05	-2.08889480e-05	1.00015071e+00 ];
db=[	9.01141439e+02	-3.84766479e+02	4.68383606e+02 ]'; %ug
Ka2=[	2.95832484e+01	-1.04341569e+01	1.72922348e+01 ]'; %ugpg2
lvx=[	1.31590372e-02	-5.56074011e-02	7.31777113e-02 ]'; %cm
lvy=[	1.61854721e-01	8.23736323e-02	-2.40085481e-01 ]';
tGA=	2.54280365e+00 ; %ms
Elasped time (ms): 166482.

---- 2025/05/26 18:00:53 ----
Kg=[	1.00001104e+00	-9.87506820e-05	3.08194029e-06
	-9.73613002e-05	1.00001181e+00	1.61885891e-04
	4.83322737e-05	-3.20519614e-05	1.00010987e+00 ];
eb=[	-1.56897791e-03	9.11732736e-03	4.62742145e-03 ]'; %dph
Ka=[	1.00028722e+00	0.00000000e+00	0.00000000e+00
	6.98380233e-05	1.00019804e+00	0.00000000e+00
	3.12308616e-05	-2.15118482e-05	1.00015072e+00 ];
db=[	9.00529436e+02	-3.84162806e+02	4.67796088e+02 ]'; %ug
Ka2=[	3.01166368e+01	-1.10619834e+01	1.78828106e+01 ]'; %ugpg2
lvx=[	1.45184848e-02	-5.46000474e-02	7.27107034e-02 ]'; %cm
lvy=[	1.65846208e-01	8.25369056e-02	-2.40280079e-01 ]';
tGA=	2.54302328e+00 ; %ms
Elasped time (ms): 217928.

---- 2025/05/26 18:07:42 ----
Kg=[	1.00001064e+00	-2.08506060e-05	1.99713598e-06
	-9.73411849e-05	1.00001146e+00	1.61955688e-04
	4.82816447e-05	-3.20966607e-05	1.00001396e+00 ];
eb=[	-1.01398356e-03	9.26946564e-03	4.70945037e-03 ]'; %dph
Ka=[	1.00028723e+00	0.00000000e+00	0.00000000e+00
	-8.09442602e-06	1.00019801e+00	0.00000000e+00
	3.07308646e-05	-2.08889626e-05	1.00015071e+00 ];
db=[	9.01141421e+02	-3.84766464e+02	4.68383592e+02 ]'; %ug
Ka2=[	2.95832650e+01	-1.04341721e+01	1.72922478e+01 ]'; %ugpg2
lvx=[	1.31588503e-02	-5.56077261e-02	7.31774883e-02 ]'; %cm
lvy=[	1.61854384e-01	8.23734929e-02	-2.40085485e-01 ]';
tGA=	2.54280365e+00 ; %ms
Elasped time (ms): 189791.

---- 2025/05/26 18:28:17 ----
Kg=[	1.00000708e+00	-1.55617786e-05	-3.71346471e-06
	-9.73377054e-05	1.00000788e+00	1.67523502e-04
	4.82788413e-05	-3.21009243e-05	1.00000459e+00 ];
eb=[	-9.05692773e-04	9.28014394e-03	4.73884236e-03 ]'; %dph
Ka=[	1.00028713e+00	0.00000000e+00	0.00000000e+00
	-1.33881178e-05	1.00019790e+00	0.00000000e+00
	2.51549712e-05	-1.53806136e-05	1.00015061e+00 ];
db=[	9.06817508e+02	-3.90389323e+02	4.74012139e+02 ]'; %ug
Ka2=[	2.38576860e+01	-4.76742191e+00	1.16391286e+01 ]'; %ugpg2
lvx=[	6.05627375e-03	-5.08987865e-02	7.75626887e-02 ]'; %cm
lvy=[	1.54605732e-01	8.72497097e-02	-2.34099089e-01 ]';
tGA=	2.54262337e+00 ; %ms
Elasped time (ms): 95979.

---- 2025/05/26 18:31:23 ----
Kg=[	1.00000691e+00	-1.35438735e-05	-4.04834823e-06
	-9.73460883e-05	1.00000771e+00	1.67821164e-04
	4.82781517e-05	-3.20892380e-05	1.00000401e+00 ];
eb=[	-1.07799839e-03	9.58334145e-03	4.97032174e-03 ]'; %dph
Ka=[	1.00028713e+00	0.00000000e+00	0.00000000e+00
	-1.53917427e-05	1.00019790e+00	0.00000000e+00
	2.48744145e-05	-1.51126862e-05	1.00015060e+00 ];
db=[	9.07104598e+02	-3.90663504e+02	4.74282775e+02 ]'; %ug
Ka2=[	2.35654492e+01	-4.48865814e+00	1.13670278e+01 ]'; %ugpg2
lvx=[	5.45850053e-03	-5.19975612e-02	7.76393112e-02 ]'; %cm
lvy=[	1.53440922e-01	8.74086941e-02	-2.33731530e-01 ]';
tGA=	2.54260737e+00 ; %ms
Elasped time (ms): 94422.

---- 2025/05/26 18:33:35 ----
Kg=[	1.00000659e+00	-1.50253392e-05	-4.56768365e-06
	-9.73461395e-05	1.00000737e+00	1.68324272e-04
	4.82790390e-05	-3.20898795e-05	1.00000385e+00 ];
eb=[	-1.07798502e-03	9.58446919e-03	4.97045774e-03 ]'; %dph
Ka=[	1.00028710e+00	0.00000000e+00	0.00000000e+00
	-1.39104381e-05	1.00019789e+00	0.00000000e+00
	2.43597417e-05	-1.46179620e-05	1.00015059e+00 ];
db=[	9.07625477e+02	-3.91164253e+02	4.74785398e+02 ]'; %ug
Ka2=[	2.30428733e+01	-3.98862790e+00	1.08648523e+01 ]'; %ugpg2
lvx=[	4.68409484e-03	-5.15980638e-02	7.82045624e-02 ]'; %cm
lvy=[	1.52660292e-01	8.78364267e-02	-2.33204022e-01 ]';
tGA=	2.54260348e+00 ; %ms
Elasped time (ms): 94697.

---- 2025/05/26 18:35:41 ----
Kg=[	1.00004290e+00	-7.39351715e-05	5.01973145e-05
	-9.77073681e-05	1.00004142e+00	1.10722093e-04
	4.74261115e-05	-3.11053125e-05	1.00009975e+00 ];
eb=[	-1.66171785e-03	9.54708277e-03	5.21484898e-03 ]'; %dph
Ka=[	1.00029128e+00	0.00000000e+00	0.00000000e+00
	4.45209393e-05	1.00019887e+00	0.00000000e+00
	7.84640511e-05	-7.18956039e-05	1.00015022e+00 ];
db=[	8.53616803e+02	-3.33008564e+02	4.17817832e+02 ]'; %ug
Ka2=[	7.34794934e+01	-6.25862131e+01	6.64989330e+01 ]'; %ugpg2
lvx=[	-2.56507047e-01	-1.63952026e-01	4.78244955e-01 ]'; %cm
lvy=[	-2.47312500e-01	-7.64806665e-04	-4.72572492e-01 ]';
tGA=	2.55172013e+00 ; %ms
Elasped time (ms): 97718.

---- 2025/05/26 18:38:07 ----
Kg=[	1.00000659e+00	-1.50253392e-05	-4.56768365e-06
	-9.73461395e-05	1.00000737e+00	1.68324272e-04
	4.82790390e-05	-3.20898795e-05	1.00000385e+00 ];
eb=[	-1.07798502e-03	9.58446919e-03	4.97045774e-03 ]'; %dph
Ka=[	1.00028710e+00	0.00000000e+00	0.00000000e+00
	-1.39104381e-05	1.00019789e+00	0.00000000e+00
	2.43597417e-05	-1.46179620e-05	1.00015059e+00 ];
db=[	9.07625477e+02	-3.91164253e+02	4.74785398e+02 ]'; %ug
Ka2=[	2.30428733e+01	-3.98862790e+00	1.08648523e+01 ]'; %ugpg2
lvx=[	4.68409484e-03	-5.15980638e-02	7.82045624e-02 ]'; %cm
lvy=[	1.52660292e-01	8.78364267e-02	-2.33204022e-01 ]';
tGA=	2.54260348e+00 ; %ms
Elasped time (ms): 96153.

---- 2025/05/26 18:40:40 ----
Kg=[	1.00000659e+00	-1.50253392e-05	-4.56768365e-06
	-9.73461395e-05	1.00000737e+00	1.68324272e-04
	4.82790390e-05	-3.20898795e-05	1.00000385e+00 ];
eb=[	-1.07798502e-03	9.58446919e-03	4.97045774e-03 ]'; %dph
Ka=[	1.00028710e+00	0.00000000e+00	0.00000000e+00
	-1.39104381e-05	1.00019789e+00	0.00000000e+00
	2.43597417e-05	-1.46179620e-05	1.00015059e+00 ];
db=[	9.07625477e+02	-3.91164253e+02	4.74785398e+02 ]'; %ug
Ka2=[	2.30428733e+01	-3.98862790e+00	1.08648523e+01 ]'; %ugpg2
lvx=[	4.68409484e-03	-5.15980638e-02	7.82045624e-02 ]'; %cm
lvy=[	1.52660292e-01	8.78364267e-02	-2.33204022e-01 ]';
tGA=	2.54260348e+00 ; %ms
Elasped time (ms): 98470.

---- 2025/05/26 18:43:15 ----
Kg=[	1.00002882e+00	-9.77134255e-05	2.66664998e-05
	-9.60393753e-05	1.00002497e+00	1.32391520e-04
	5.04811361e-05	-3.08980647e-05	1.00002187e+00 ];
eb=[	-3.41269951e-04	9.62008135e-03	-1.65081557e-03 ]'; %dph
Ka=[	1.00028887e+00	0.00000000e+00	0.00000000e+00
	6.70053958e-05	1.00019805e+00	0.00000000e+00
	5.42186349e-05	-4.92993831e-05	1.00015005e+00 ];
db=[	8.78893727e+02	-3.55495804e+02	4.41116246e+02 ]'; %ug
Ka2=[	4.73920879e+01	-3.97165201e+01	4.27474524e+01 ]'; %ugpg2
lvx=[	-3.93027828e-01	-9.82301592e-02	7.84744189e-01 ]'; %cm
lvy=[	-7.63333337e-01	2.32415584e-02	-4.27922897e-01 ]';
tGA=	2.53482765e+00 ; %ms
Elasped time (ms): 95887.

---- 2025/05/26 18:46:27 ----
Kg=[	1.00003292e+00	-9.82763795e-05	3.32844585e-05
	-9.60379150e-05	1.00002912e+00	1.25934188e-04
	5.04789394e-05	-3.08903891e-05	1.00002209e+00 ];
eb=[	-4.46032622e-04	9.65591674e-03	-1.67006076e-03 ]'; %dph
Ka=[	1.00028917e+00	0.00000000e+00	0.00000000e+00
	6.75763487e-05	1.00019826e+00	0.00000000e+00
	6.05825389e-05	-5.57099102e-05	1.00015011e+00 ];
db=[	8.72261017e+02	-3.49017138e+02	4.34665687e+02 ]'; %ug
Ka2=[	5.41442393e+01	-4.63377333e+01	4.92879210e+01 ]'; %ugpg2
lvx=[	-3.92320051e-01	-1.07619120e-01	7.61309669e-01 ]'; %cm
lvy=[	-7.61431852e-01	1.31997873e-02	-4.40841492e-01 ]';
tGA=	2.53512922e+00 ; %ms
Elasped time (ms): 92706.

---- 2025/05/26 18:49:21 ----
Kg=[	1.00004304e+00	-7.39281722e-05	5.04113513e-05
